{
 "cells": [
  {
   "cell_type": "code",
   "execution_count": 2,
   "metadata": {},
   "outputs": [
    {
     "data": {
      "application/vnd.plotly.v1+json": {
       "config": {
        "plotlyServerURL": "https://plot.ly"
       },
       "data": [
        {
         "type": "surface",
         "x": [
          0.5,
          0.6,
          0.7,
          0.7999999999999999,
          0.8999999999999999,
          0.9999999999999999,
          1.0999999999999999,
          1.1999999999999997,
          1.2999999999999998,
          1.4,
          1.4999999999999998,
          1.5999999999999996,
          1.6999999999999997,
          1.7999999999999998,
          1.8999999999999997
         ],
         "y": [
          0.5,
          0.6,
          0.7,
          0.7999999999999999,
          0.8999999999999999,
          0.9999999999999999,
          1.0999999999999999,
          1.1999999999999997,
          1.2999999999999998,
          1.4,
          1.4999999999999998,
          1.5999999999999996,
          1.6999999999999997,
          1.7999999999999998,
          1.8999999999999997
         ],
         "z": [
          [
           532.0409915322884,
           413.39846201864805,
           327.9990092476321,
           267.14734735290835,
           225.43578188504563,
           199.2909104997274,
           186.23890024157458,
           184.50273461026188,
           192.7670373714557,
           210.03358992359657,
           235.528776689652,
           268.642180338298,
           308.88460985255927,
           355.85866461571675,
           409.2376229460804
          ],
          [
           413.39846201864805,
           303.989585302722,
           226.39707473363706,
           172.30809377895997,
           136.56163565131658,
           115.75273461026198,
           107.52769667439695,
           110.19821151851055,
           122.5162673555496,
           143.53600903377637,
           172.52533128238358,
           208.9072803885244,
           252.22003641101273,
           302.08887200616266,
           358.20605810139284
          ],
          [
           327.9990092476321,
           226.39707473363706,
           155.40523974544257,
           107.03402405502956,
           76.33099232142774,
           60.033589923596594,
           55.889698935313476,
           62.28600903377639,
           78.03146426056261,
           102.22448212993274,
           134.1680538349144,
           173.31351874894483,
           219.2221988456759,
           271.5385367606247,
           329.9708614434059
          ],
          [
           267.14734735290835,
           172.30809377895997,
           107.03402405502956,
           63.61576192468446,
           37.28154485184395,
           24.89218033829819,
           24.283539639061004,
           33.90728038852455,
           52.621684011167694,
           79.56351874894499,
           114.06617773470937,
           155.60550892802502,
           203.76288074100157,
           258.19934160046614,
           318.6371305475691
          ],
          [
           225.43578188504563,
           136.56163565131658,
           76.33099232142774,
           37.28154485184395,
           14.8008954146792,
           5.858664615716959,
           8.368335668232302,
           20.83887200616271,
           42.17207370990185,
           71.53853676062474,
           108.29847070260683,
           151.94934160046606,
           202.09020007818143,
           258.39674190858295,
           320.6034757031078
          ],
          [
           199.2909104997274,
           115.75273461026198,
           60.033589923596594,
           24.89218033829819,
           5.858664615716959,
           3.209129988044922e-29,
           5.299095966855328,
           20.316177734709292,
           43.99197414820759,
           75.5273411323948,
           114.30647632898219,
           159.84618385652158,
           211.76133161649796,
           269.740717879222,
           333.52982676075277
          ],
          [
           186.23890024157458,
           107.52769667439695,
           55.889698935313476,
           24.283539639061004,
           8.368335668232302,
           5.299095966855328,
           13.121533704358558,
           30.442246023852427,
           56.237177120792296,
           89.73455636911982,
           130.3402812842178,
           177.5886493822924,
           231.10883703279487,
           290.6014951567454,
           355.82203642182907
          ],
          [
           184.50273461026188,
           110.19821151851055,
           62.28600903377639,
           33.90728038852455,
           20.83887200616271,
           20.316177734709292,
           30.442246023852427,
           49.86600826713277,
           77.59555775647621,
           112.8841138667494,
           155.1573845458886,
           203.96563753092272,
           258.9511117991261,
           319.82527889384266,
           386.3526155402399
          ],
          [
           192.7670373714557,
           122.5162673555496,
           78.03146426056261,
           52.621684011167694,
           42.17207370990185,
           43.99197414820759,
           56.237177120792296,
           77.59555775647621,
           107.1047836490727,
           144.04106274584012,
           187.84832682608706,
           238.09153480587034,
           294.42494209681587,
           356.56997424988606,
           424.2994461148551
          ],
          [
           210.03358992359657,
           143.53600903377637,
           102.22448212993274,
           79.56351874894499,
           71.53853676062474,
           75.5273411323948,
           89.73455636911982,
           112.8841138667494,
           144.04106274584012,
           182.5028950472566,
           227.7304151827703,
           279.3021839756941,
           336.8835823181402,
           400.2052517326554,
           469.04772696660393
          ],
          [
           235.528776689652,
           172.52533128238358,
           134.1680538349144,
           114.06617773470937,
           108.29847070260683,
           114.30647632898219,
           130.3402812842178,
           155.1573845458886,
           187.84832682608706,
           227.7304151827703,
           274.28016207273254,
           327.0887913919903,
           385.83204160719384,
           450.24913410516933,
           520.1277906859948
          ],
          [
           268.642180338298,
           208.9072803885244,
           173.31351874894483,
           155.60550892802502,
           151.94934160046606,
           159.84618385652158,
           177.5886493822924,
           203.96563753092272,
           238.09153480587034,
           279.3021839756941,
           327.0887913919903,
           381.05442646419925,
           440.8845165228909,
           506.326308881922,
           577.1742483801922
          ],
          [
           308.88460985255927,
           252.22003641101273,
           219.2221988456759,
           203.76288074100157,
           202.09020007818143,
           211.76133161649796,
           231.10883703279487,
           258.9511117991261,
           294.42494209681587,
           336.8835823181402,
           385.83204160719384,
           440.8845165228909,
           501.73553568446766,
           568.1398856053527,
           639.8983264486717
          ],
          [
           355.85866461571675,
           302.08887200616266,
           271.5385367606247,
           258.19934160046614,
           258.39674190858295,
           269.740717879222,
           290.6014951567454,
           319.82527889384266,
           356.56997424988606,
           400.2052517326554,
           450.24913410516933,
           506.326308881922,
           568.1398856053527,
           635.4517589353205,
           708.0686432810124
          ],
          [
           409.2376229460804,
           358.20605810139284,
           329.9708614434059,
           318.6371305475691,
           320.6034757031078,
           333.52982676075277,
           355.82203642182907,
           386.3526155402399,
           424.2994461148551,
           469.04772696660393,
           520.1277906859948,
           577.1742483801922,
           639.8983264486717,
           708.0686432810124,
           781.497545520007
          ]
         ]
        }
       ],
       "layout": {
        "autosize": false,
        "height": 500,
        "margin": {
         "b": 65,
         "l": 65,
         "r": 50,
         "t": 90
        },
        "template": {
         "data": {
          "bar": [
           {
            "error_x": {
             "color": "#2a3f5f"
            },
            "error_y": {
             "color": "#2a3f5f"
            },
            "marker": {
             "line": {
              "color": "#E5ECF6",
              "width": 0.5
             },
             "pattern": {
              "fillmode": "overlay",
              "size": 10,
              "solidity": 0.2
             }
            },
            "type": "bar"
           }
          ],
          "barpolar": [
           {
            "marker": {
             "line": {
              "color": "#E5ECF6",
              "width": 0.5
             },
             "pattern": {
              "fillmode": "overlay",
              "size": 10,
              "solidity": 0.2
             }
            },
            "type": "barpolar"
           }
          ],
          "carpet": [
           {
            "aaxis": {
             "endlinecolor": "#2a3f5f",
             "gridcolor": "white",
             "linecolor": "white",
             "minorgridcolor": "white",
             "startlinecolor": "#2a3f5f"
            },
            "baxis": {
             "endlinecolor": "#2a3f5f",
             "gridcolor": "white",
             "linecolor": "white",
             "minorgridcolor": "white",
             "startlinecolor": "#2a3f5f"
            },
            "type": "carpet"
           }
          ],
          "choropleth": [
           {
            "colorbar": {
             "outlinewidth": 0,
             "ticks": ""
            },
            "type": "choropleth"
           }
          ],
          "contour": [
           {
            "colorbar": {
             "outlinewidth": 0,
             "ticks": ""
            },
            "colorscale": [
             [
              0,
              "#0d0887"
             ],
             [
              0.1111111111111111,
              "#46039f"
             ],
             [
              0.2222222222222222,
              "#7201a8"
             ],
             [
              0.3333333333333333,
              "#9c179e"
             ],
             [
              0.4444444444444444,
              "#bd3786"
             ],
             [
              0.5555555555555556,
              "#d8576b"
             ],
             [
              0.6666666666666666,
              "#ed7953"
             ],
             [
              0.7777777777777778,
              "#fb9f3a"
             ],
             [
              0.8888888888888888,
              "#fdca26"
             ],
             [
              1,
              "#f0f921"
             ]
            ],
            "type": "contour"
           }
          ],
          "contourcarpet": [
           {
            "colorbar": {
             "outlinewidth": 0,
             "ticks": ""
            },
            "type": "contourcarpet"
           }
          ],
          "heatmap": [
           {
            "colorbar": {
             "outlinewidth": 0,
             "ticks": ""
            },
            "colorscale": [
             [
              0,
              "#0d0887"
             ],
             [
              0.1111111111111111,
              "#46039f"
             ],
             [
              0.2222222222222222,
              "#7201a8"
             ],
             [
              0.3333333333333333,
              "#9c179e"
             ],
             [
              0.4444444444444444,
              "#bd3786"
             ],
             [
              0.5555555555555556,
              "#d8576b"
             ],
             [
              0.6666666666666666,
              "#ed7953"
             ],
             [
              0.7777777777777778,
              "#fb9f3a"
             ],
             [
              0.8888888888888888,
              "#fdca26"
             ],
             [
              1,
              "#f0f921"
             ]
            ],
            "type": "heatmap"
           }
          ],
          "heatmapgl": [
           {
            "colorbar": {
             "outlinewidth": 0,
             "ticks": ""
            },
            "colorscale": [
             [
              0,
              "#0d0887"
             ],
             [
              0.1111111111111111,
              "#46039f"
             ],
             [
              0.2222222222222222,
              "#7201a8"
             ],
             [
              0.3333333333333333,
              "#9c179e"
             ],
             [
              0.4444444444444444,
              "#bd3786"
             ],
             [
              0.5555555555555556,
              "#d8576b"
             ],
             [
              0.6666666666666666,
              "#ed7953"
             ],
             [
              0.7777777777777778,
              "#fb9f3a"
             ],
             [
              0.8888888888888888,
              "#fdca26"
             ],
             [
              1,
              "#f0f921"
             ]
            ],
            "type": "heatmapgl"
           }
          ],
          "histogram": [
           {
            "marker": {
             "pattern": {
              "fillmode": "overlay",
              "size": 10,
              "solidity": 0.2
             }
            },
            "type": "histogram"
           }
          ],
          "histogram2d": [
           {
            "colorbar": {
             "outlinewidth": 0,
             "ticks": ""
            },
            "colorscale": [
             [
              0,
              "#0d0887"
             ],
             [
              0.1111111111111111,
              "#46039f"
             ],
             [
              0.2222222222222222,
              "#7201a8"
             ],
             [
              0.3333333333333333,
              "#9c179e"
             ],
             [
              0.4444444444444444,
              "#bd3786"
             ],
             [
              0.5555555555555556,
              "#d8576b"
             ],
             [
              0.6666666666666666,
              "#ed7953"
             ],
             [
              0.7777777777777778,
              "#fb9f3a"
             ],
             [
              0.8888888888888888,
              "#fdca26"
             ],
             [
              1,
              "#f0f921"
             ]
            ],
            "type": "histogram2d"
           }
          ],
          "histogram2dcontour": [
           {
            "colorbar": {
             "outlinewidth": 0,
             "ticks": ""
            },
            "colorscale": [
             [
              0,
              "#0d0887"
             ],
             [
              0.1111111111111111,
              "#46039f"
             ],
             [
              0.2222222222222222,
              "#7201a8"
             ],
             [
              0.3333333333333333,
              "#9c179e"
             ],
             [
              0.4444444444444444,
              "#bd3786"
             ],
             [
              0.5555555555555556,
              "#d8576b"
             ],
             [
              0.6666666666666666,
              "#ed7953"
             ],
             [
              0.7777777777777778,
              "#fb9f3a"
             ],
             [
              0.8888888888888888,
              "#fdca26"
             ],
             [
              1,
              "#f0f921"
             ]
            ],
            "type": "histogram2dcontour"
           }
          ],
          "mesh3d": [
           {
            "colorbar": {
             "outlinewidth": 0,
             "ticks": ""
            },
            "type": "mesh3d"
           }
          ],
          "parcoords": [
           {
            "line": {
             "colorbar": {
              "outlinewidth": 0,
              "ticks": ""
             }
            },
            "type": "parcoords"
           }
          ],
          "pie": [
           {
            "automargin": true,
            "type": "pie"
           }
          ],
          "scatter": [
           {
            "fillpattern": {
             "fillmode": "overlay",
             "size": 10,
             "solidity": 0.2
            },
            "type": "scatter"
           }
          ],
          "scatter3d": [
           {
            "line": {
             "colorbar": {
              "outlinewidth": 0,
              "ticks": ""
             }
            },
            "marker": {
             "colorbar": {
              "outlinewidth": 0,
              "ticks": ""
             }
            },
            "type": "scatter3d"
           }
          ],
          "scattercarpet": [
           {
            "marker": {
             "colorbar": {
              "outlinewidth": 0,
              "ticks": ""
             }
            },
            "type": "scattercarpet"
           }
          ],
          "scattergeo": [
           {
            "marker": {
             "colorbar": {
              "outlinewidth": 0,
              "ticks": ""
             }
            },
            "type": "scattergeo"
           }
          ],
          "scattergl": [
           {
            "marker": {
             "colorbar": {
              "outlinewidth": 0,
              "ticks": ""
             }
            },
            "type": "scattergl"
           }
          ],
          "scattermapbox": [
           {
            "marker": {
             "colorbar": {
              "outlinewidth": 0,
              "ticks": ""
             }
            },
            "type": "scattermapbox"
           }
          ],
          "scatterpolar": [
           {
            "marker": {
             "colorbar": {
              "outlinewidth": 0,
              "ticks": ""
             }
            },
            "type": "scatterpolar"
           }
          ],
          "scatterpolargl": [
           {
            "marker": {
             "colorbar": {
              "outlinewidth": 0,
              "ticks": ""
             }
            },
            "type": "scatterpolargl"
           }
          ],
          "scatterternary": [
           {
            "marker": {
             "colorbar": {
              "outlinewidth": 0,
              "ticks": ""
             }
            },
            "type": "scatterternary"
           }
          ],
          "surface": [
           {
            "colorbar": {
             "outlinewidth": 0,
             "ticks": ""
            },
            "colorscale": [
             [
              0,
              "#0d0887"
             ],
             [
              0.1111111111111111,
              "#46039f"
             ],
             [
              0.2222222222222222,
              "#7201a8"
             ],
             [
              0.3333333333333333,
              "#9c179e"
             ],
             [
              0.4444444444444444,
              "#bd3786"
             ],
             [
              0.5555555555555556,
              "#d8576b"
             ],
             [
              0.6666666666666666,
              "#ed7953"
             ],
             [
              0.7777777777777778,
              "#fb9f3a"
             ],
             [
              0.8888888888888888,
              "#fdca26"
             ],
             [
              1,
              "#f0f921"
             ]
            ],
            "type": "surface"
           }
          ],
          "table": [
           {
            "cells": {
             "fill": {
              "color": "#EBF0F8"
             },
             "line": {
              "color": "white"
             }
            },
            "header": {
             "fill": {
              "color": "#C8D4E3"
             },
             "line": {
              "color": "white"
             }
            },
            "type": "table"
           }
          ]
         },
         "layout": {
          "annotationdefaults": {
           "arrowcolor": "#2a3f5f",
           "arrowhead": 0,
           "arrowwidth": 1
          },
          "autotypenumbers": "strict",
          "coloraxis": {
           "colorbar": {
            "outlinewidth": 0,
            "ticks": ""
           }
          },
          "colorscale": {
           "diverging": [
            [
             0,
             "#8e0152"
            ],
            [
             0.1,
             "#c51b7d"
            ],
            [
             0.2,
             "#de77ae"
            ],
            [
             0.3,
             "#f1b6da"
            ],
            [
             0.4,
             "#fde0ef"
            ],
            [
             0.5,
             "#f7f7f7"
            ],
            [
             0.6,
             "#e6f5d0"
            ],
            [
             0.7,
             "#b8e186"
            ],
            [
             0.8,
             "#7fbc41"
            ],
            [
             0.9,
             "#4d9221"
            ],
            [
             1,
             "#276419"
            ]
           ],
           "sequential": [
            [
             0,
             "#0d0887"
            ],
            [
             0.1111111111111111,
             "#46039f"
            ],
            [
             0.2222222222222222,
             "#7201a8"
            ],
            [
             0.3333333333333333,
             "#9c179e"
            ],
            [
             0.4444444444444444,
             "#bd3786"
            ],
            [
             0.5555555555555556,
             "#d8576b"
            ],
            [
             0.6666666666666666,
             "#ed7953"
            ],
            [
             0.7777777777777778,
             "#fb9f3a"
            ],
            [
             0.8888888888888888,
             "#fdca26"
            ],
            [
             1,
             "#f0f921"
            ]
           ],
           "sequentialminus": [
            [
             0,
             "#0d0887"
            ],
            [
             0.1111111111111111,
             "#46039f"
            ],
            [
             0.2222222222222222,
             "#7201a8"
            ],
            [
             0.3333333333333333,
             "#9c179e"
            ],
            [
             0.4444444444444444,
             "#bd3786"
            ],
            [
             0.5555555555555556,
             "#d8576b"
            ],
            [
             0.6666666666666666,
             "#ed7953"
            ],
            [
             0.7777777777777778,
             "#fb9f3a"
            ],
            [
             0.8888888888888888,
             "#fdca26"
            ],
            [
             1,
             "#f0f921"
            ]
           ]
          },
          "colorway": [
           "#636efa",
           "#EF553B",
           "#00cc96",
           "#ab63fa",
           "#FFA15A",
           "#19d3f3",
           "#FF6692",
           "#B6E880",
           "#FF97FF",
           "#FECB52"
          ],
          "font": {
           "color": "#2a3f5f"
          },
          "geo": {
           "bgcolor": "white",
           "lakecolor": "white",
           "landcolor": "#E5ECF6",
           "showlakes": true,
           "showland": true,
           "subunitcolor": "white"
          },
          "hoverlabel": {
           "align": "left"
          },
          "hovermode": "closest",
          "mapbox": {
           "style": "light"
          },
          "paper_bgcolor": "white",
          "plot_bgcolor": "#E5ECF6",
          "polar": {
           "angularaxis": {
            "gridcolor": "white",
            "linecolor": "white",
            "ticks": ""
           },
           "bgcolor": "#E5ECF6",
           "radialaxis": {
            "gridcolor": "white",
            "linecolor": "white",
            "ticks": ""
           }
          },
          "scene": {
           "xaxis": {
            "backgroundcolor": "#E5ECF6",
            "gridcolor": "white",
            "gridwidth": 2,
            "linecolor": "white",
            "showbackground": true,
            "ticks": "",
            "zerolinecolor": "white"
           },
           "yaxis": {
            "backgroundcolor": "#E5ECF6",
            "gridcolor": "white",
            "gridwidth": 2,
            "linecolor": "white",
            "showbackground": true,
            "ticks": "",
            "zerolinecolor": "white"
           },
           "zaxis": {
            "backgroundcolor": "#E5ECF6",
            "gridcolor": "white",
            "gridwidth": 2,
            "linecolor": "white",
            "showbackground": true,
            "ticks": "",
            "zerolinecolor": "white"
           }
          },
          "shapedefaults": {
           "line": {
            "color": "#2a3f5f"
           }
          },
          "ternary": {
           "aaxis": {
            "gridcolor": "white",
            "linecolor": "white",
            "ticks": ""
           },
           "baxis": {
            "gridcolor": "white",
            "linecolor": "white",
            "ticks": ""
           },
           "bgcolor": "#E5ECF6",
           "caxis": {
            "gridcolor": "white",
            "linecolor": "white",
            "ticks": ""
           }
          },
          "title": {
           "x": 0.05
          },
          "xaxis": {
           "automargin": true,
           "gridcolor": "white",
           "linecolor": "white",
           "ticks": "",
           "title": {
            "standoff": 15
           },
           "zerolinecolor": "white",
           "zerolinewidth": 2
          },
          "yaxis": {
           "automargin": true,
           "gridcolor": "white",
           "linecolor": "white",
           "ticks": "",
           "title": {
            "standoff": 15
           },
           "zerolinecolor": "white",
           "zerolinewidth": 2
          }
         }
        },
        "title": {
         "text": "2d Psi Neo Hookean"
        },
        "width": 500
       }
      },
      "text/html": [
